0 0.151621138 0.740206268
1 0.244255042 0.303348
2 0.281569368 0.298520417
3 0.140999166 0.296212297
4 0           1
5 0.225648598 0.308896886
6 0.238399147 0.314121338
7 0.213390063 0.304067295
8 0.1009417   0.314863158
9	0	1
10	0.448933311 0.303963949
11	0.659005763 0.305663362
12	0.159828901 0.305947292
13	0.297193858	0.309666382
14	0	1
15	0.0693	0.113
16	0.49626	0.75454
17	0.31554 0.73941
18	0.18077	0.72103
19	1.26534	0.36891
20	0	1
21	0.31208	0.25979
22	0.06911	0.25956
23	0.55744	0.29454
24	0.57375	0.34115
25	0	1
26	0	0
27	0	0
28	0	0
29	0	0
30	0	1
31	0.1819	0.3097
32	0.13331	0.30217
33	0.05946	0.30483
34	0.26677	0.30340
35	-0.07257 0.30459
36	0	1
37	0.2259	0.1802
38	0.2099	0.3125
39	0.4512	0.1779
40	0.1322	0.1816
41	0	1
42	0.23953	0.30085
43	0.32952	0.30573
44	0.26231	0.30228
45	0.58199	0.29858
46	0	1
47	0	0
48	0.26306	0.311947
49	0.24124	0.32601
50	-1.0062	0.33969
51	-0.4890	0.309904
52	0	1
53	-0.0807	0.6007
54	0.3279  0.5915
55	0.09489	0.308685
56	0.6213	0.31925
57	0	1
58  0 1
59  0 1
60  0 1
61  0 1
62  0 1
63  0 1
64  0 1
65  0 1
66  0 1
67  0 1
68  0 1
69  0 1
70  0 1
71  0 1
72  0 1
73  0 1
74  0 1
75  0 1
76  0 1
77  0 1
78  0 1
79  0 1
80  0 1
81  0 1
82  0 1
83  0 1
84  0 1
85  0 1
86  0 1
87  0 1
88  0 1
89  0 1
90  0 1
91  0 1
92  0 1
93  0 1
94  0 1
95  0 1
96  0 1
97  0 1
98  0 1
99  0 1
100 0 1
101 0 1
102 0 1
103 0 1
104 0 1
105 0 1
106 0 1
107 0 1
108 0 1
109 0 1
110 0 1
111 0 1
112 0 1
113 0 1
114 0 1
115 0 1
116 0 1
117 0 1
119 0 1
120 0 1
121 0 1
122 0 1
123 0 1
124 0 1
125 0 1
126 0 1
127 0 1
128 0 1
129 0 1
130 0 1
131 0 1
132 0 1
133 0 1
134 0 1
135 0 1
191 0 1
192 0 1
193 0 1
194 0 1
195 0 1
196 0 1
197 0 1
198 0 1
199 0 1
200 0 1
201 0 1
202 0 1
203 0 1
204 0 1
205 0 1
206 0 1
207 0 1
1000	0.00000	1.00000
1001	0.00000	1.00000
1002	0.00000	1.00000
1003	0.00000	1.00000
1004	0.00000	1.00000
1005	0.00000	1.00000
1006	0.00000	1.00000
1007	0.00000	1.00000
1008	0.00000	1.00000
1009	0.00000	1.00000
1010	0.00000	1.00000
1011	0.00000	1.00000
1012	0.00000	1.00000
1013	0.00000	1.00000
1014	0.00000	1.00000
1015	0.00000	1.00000
1016	0.00000	1.00000
1017	0.00000	1.00000
1018	0.00000	1.00000
1019	0.00000	1.00000
1020	0.00000	1.00000
1021	0.00000	1.00000
1022	0.00000	1.00000
1023	0.00000	1.00000
1024	0.00000	1.00000
1025	0.00000	1.00000
1026	0.00000	1.00000
1027	0.00000	1.00000
1028	0.00000	1.00000
1029	0.00000	1.00000
1030	0.00000	1.00000
1031	0.00000	1.00000
1032	0.00000	1.00000
1033	0.00000	1.00000
1034	0.00000	1.00000
1035	0.00000	1.00000
1036	0.00000	1.00000
1037	0.00000	1.00000
1038	0.00000	1.00000
1039	0.00000	1.00000
1040	0.00000	1.00000
1041	0.00000	1.00000
1042	0.00000	1.00000
1043	0.00000	1.00000
1044	0.00000	1.00000
1045	0.00000	1.00000
1046	0.00000	1.00000
1047	0.00000	1.00000
1048	0.00000	1.00000
1049	0.00000	1.00000
1050	0.00000	1.00000
1051	0.00000	1.00000
1052	0.00000	1.00000
1053	0.00000	1.00000
1054	0.00000	1.00000
1055	0.00000	1.00000
1056	0.00000	1.00000
1057	0.00000	1.00000
1058	0.00000	1.00000
1059	0.00000	1.00000
1060	0.00000	1.00000
1061	0.00000	1.00000
1062	0.00000	1.00000
1063	0.00000	1.00000
1064	0.00000	1.00000
1065	0.00000	1.00000
1066	0.00000	1.00000
1067	0.00000	1.00000
1068	0.00000	1.00000
1069	0.00000	1.00000
1070	0.00000	1.00000
1071	0.00000	1.00000
1072	0.00000	1.00000
1073	0.00000	1.00000
1074	0.00000	1.00000
1075	0.00000	1.00000
1076	0.00000	1.00000
1077	0.00000	1.00000
1078	0.00000	1.00000
1079	0.00000	1.00000
1080	0.00000	1.00000
1081	0.00000	1.00000
1082	0.00000	1.00000
1083	0.00000	1.00000
1084	0.00000	1.00000
1085	0.00000	1.00000
1086	0.00000	1.00000
1087	0.00000	1.00000
1088	0.00000	1.00000
1089	0.00000	1.00000
1090	0.00000	1.00000
1091	0.00000	1.00000
1092	0.00000	1.00000
1093	0.00000	1.00000
1094	0.00000	1.00000
1095	0.00000	1.00000
